image_width: 640
image_height: 480
camera_name: narrow_stereo
camera_matrix:
  rows: 3
  cols: 3
  data: [639.02674,   0.     , 296.13127,
           0.     , 638.78428, 277.4436 ,
           0.     ,   0.     ,   1.     ]
camera_model: plumb_bob
distortion_coefficients:
  rows: 1
  cols: 5
  data: [-0.434247, 0.206233, 0.001204, -0.000758, 0.000000]
rectification_matrix:
  rows: 3
  cols: 3
  data: [1., 0., 0.,
         0., 1., 0.,
         0., 0., 1.]
projection_matrix:
  rows: 3
  cols: 4
  data: [561.11499,   0.     , 288.85434,   0.     ,
           0.     , 592.86829, 283.18561,   0.     ,
           0.     ,   0.     ,   1.     ,   0.     ]
