image_width: 640
image_height: 480
camera_name: narrow_stereo
camera_matrix:
  rows: 3
  cols: 3
  data: [642.21706,   0.     , 290.55078,
           0.     , 642.00085, 255.60307,
           0.     ,   0.     ,   1.     ]
camera_model: plumb_bob
distortion_coefficients:
  rows: 1
  cols: 5
  data: [-0.427656, 0.214468, -0.002418, 0.000677, 0.000000]
rectification_matrix:
  rows: 3
  cols: 3
  data: [1., 0., 0.,
         0., 1., 0.,
         0., 0., 1.]
projection_matrix:
  rows: 3
  cols: 4
  data: [567.33887,   0.     , 283.45712,   0.     ,
           0.     , 600.99847, 256.91509,   0.     ,
           0.     ,   0.     ,   1.     ,   0.     ]
